P0: 0 0 0 0 0 0 0 0 0 0 0 0 
P1: 0 0 0 0 0 0 0 0 0 0 0 0 
P3: 0 0 0 0 0 0 0 0 0 0 0 0 
R0_rect: 0 0 0 0 0 0 0 0 0
Tr_velo_to_cam: 1.0 0.0 0.0 0.0 0.0 1.0 0.0 0.0 0.0 0.0 1.0 0.0
Tr_imu_to_velo: 1.0 0.0 0.0 0.0 0.0 1.0 0.0 0.0 0.0 0.0 1.0 0.0
